1 PINHOLE 960 720 480.0 480.00001430511475 480.0 360.0
2 PINHOLE 960 720 480.0 480.00001430511475 480.0 360.0
3 PINHOLE 960 720 480.0 480.00001430511475 480.0 360.0
4 PINHOLE 960 720 480.0 480.00001430511475 480.0 360.0
5 PINHOLE 960 720 480.0 480.00001430511475 480.0 360.0
6 PINHOLE 960 720 480.0 480.00001430511475 480.0 360.0
7 PINHOLE 960 720 480.0 480.00001430511475 480.0 360.0
8 PINHOLE 960 720 480.0 480.00001430511475 480.0 360.0
9 PINHOLE 960 720 480.0 480.00001430511475 480.0 360.0
10 PINHOLE 960 720 480.0 480.00001430511475 480.0 360.0
11 PINHOLE 960 720 480.0 480.00001430511475 480.0 360.0
12 PINHOLE 960 720 480.0 480.00001430511475 480.0 360.0
13 PINHOLE 960 720 480.0 480.00001430511475 480.0 360.0
14 PINHOLE 960 720 480.0 480.00001430511475 480.0 360.0
15 PINHOLE 960 720 480.0 480.00001430511475 480.0 360.0
16 PINHOLE 960 720 480.0 480.00001430511475 480.0 360.0
17 PINHOLE 960 720 480.0 480.00001430511475 480.0 360.0
18 PINHOLE 960 720 480.0 480.00001430511475 480.0 360.0
19 PINHOLE 960 720 480.0 480.00001430511475 480.0 360.0
20 PINHOLE 960 720 480.0 480.00001430511475 480.0 360.0
21 PINHOLE 960 720 480.0 480.00001430511475 480.0 360.0
22 PINHOLE 960 720 480.0 480.00001430511475 480.0 360.0
23 PINHOLE 960 720 480.0 480.00001430511475 480.0 360.0
24 PINHOLE 960 720 480.0 480.00001430511475 480.0 360.0
25 PINHOLE 960 720 480.0 480.00001430511475 480.0 360.0
26 PINHOLE 960 720 480.0 480.00001430511475 480.0 360.0
27 PINHOLE 960 720 480.0 480.00001430511475 480.0 360.0
28 PINHOLE 960 720 480.0 480.00001430511475 480.0 360.0
29 PINHOLE 960 720 480.0 480.00001430511475 480.0 360.0
30 PINHOLE 960 720 480.0 480.00001430511475 480.0 360.0
31 PINHOLE 960 720 480.0 480.00001430511475 480.0 360.0
32 PINHOLE 960 720 480.0 480.00001430511475 480.0 360.0
33 PINHOLE 960 720 480.0 480.00001430511475 480.0 360.0
34 PINHOLE 960 720 480.0 480.00001430511475 480.0 360.0
35 PINHOLE 960 720 480.0 480.00001430511475 480.0 360.0
36 PINHOLE 960 720 480.0 480.00001430511475 480.0 360.0
37 PINHOLE 960 720 480.0 480.00001430511475 480.0 360.0
38 PINHOLE 960 720 480.0 480.00001430511475 480.0 360.0
39 PINHOLE 960 720 480.0 480.00001430511475 480.0 360.0
40 PINHOLE 960 720 480.0 480.00001430511475 480.0 360.0
41 PINHOLE 960 720 480.0 480.00001430511475 480.0 360.0
42 PINHOLE 960 720 480.0 480.00001430511475 480.0 360.0
43 PINHOLE 960 720 480.0 480.00001430511475 480.0 360.0
44 PINHOLE 960 720 480.0 480.00001430511475 480.0 360.0
45 PINHOLE 960 720 480.0 480.00001430511475 480.0 360.0
46 PINHOLE 960 720 480.0 480.00001430511475 480.0 360.0
47 PINHOLE 960 720 480.0 480.00001430511475 480.0 360.0
48 PINHOLE 960 720 480.0 480.00001430511475 480.0 360.0
49 PINHOLE 960 720 480.0 480.00001430511475 480.0 360.0
50 PINHOLE 960 720 480.0 480.00001430511475 480.0 360.0
51 PINHOLE 960 720 480.0 480.00001430511475 480.0 360.0
52 PINHOLE 960 720 480.0 480.00001430511475 480.0 360.0
53 PINHOLE 960 720 480.0 480.00001430511475 480.0 360.0
54 PINHOLE 960 720 480.0 480.00001430511475 480.0 360.0
55 PINHOLE 960 720 480.0 480.00001430511475 480.0 360.0
56 PINHOLE 960 720 480.0 480.00001430511475 480.0 360.0
57 PINHOLE 960 720 480.0 480.00001430511475 480.0 360.0
58 PINHOLE 960 720 480.0 480.00001430511475 480.0 360.0
59 PINHOLE 960 720 480.0 480.00001430511475 480.0 360.0
60 PINHOLE 960 720 480.0 480.00001430511475 480.0 360.0
61 PINHOLE 960 720 480.0 480.00001430511475 480.0 360.0
62 PINHOLE 960 720 480.0 480.00001430511475 480.0 360.0
63 PINHOLE 960 720 480.0 480.00001430511475 480.0 360.0
64 PINHOLE 960 720 480.0 480.00001430511475 480.0 360.0
65 PINHOLE 960 720 480.0 480.00001430511475 480.0 360.0
66 PINHOLE 960 720 480.0 480.00001430511475 480.0 360.0
67 PINHOLE 960 720 480.0 480.00001430511475 480.0 360.0
68 PINHOLE 960 720 480.0 480.00001430511475 480.0 360.0
69 PINHOLE 960 720 480.0 480.00001430511475 480.0 360.0
70 PINHOLE 960 720 480.0 480.00001430511475 480.0 360.0
71 PINHOLE 960 720 480.0 480.00001430511475 480.0 360.0
72 PINHOLE 960 720 480.0 480.00001430511475 480.0 360.0
73 PINHOLE 960 720 480.0 480.00001430511475 480.0 360.0
74 PINHOLE 960 720 480.0 480.00001430511475 480.0 360.0
75 PINHOLE 960 720 480.0 480.00001430511475 480.0 360.0
76 PINHOLE 960 720 480.0 480.00001430511475 480.0 360.0
77 PINHOLE 960 720 480.0 480.00001430511475 480.0 360.0
78 PINHOLE 960 720 480.0 480.00001430511475 480.0 360.0
79 PINHOLE 960 720 480.0 480.00001430511475 480.0 360.0
80 PINHOLE 960 720 480.0 480.00001430511475 480.0 360.0
81 PINHOLE 960 720 480.0 480.00001430511475 480.0 360.0
82 PINHOLE 960 720 480.0 480.00001430511475 480.0 360.0
83 PINHOLE 960 720 480.0 480.00001430511475 480.0 360.0
84 PINHOLE 960 720 480.0 480.00001430511475 480.0 360.0
85 PINHOLE 960 720 480.0 480.00001430511475 480.0 360.0
86 PINHOLE 960 720 480.0 480.00001430511475 480.0 360.0
87 PINHOLE 960 720 480.0 480.00001430511475 480.0 360.0
88 PINHOLE 960 720 480.0 480.00001430511475 480.0 360.0
89 PINHOLE 960 720 480.0 480.00001430511475 480.0 360.0
90 PINHOLE 960 720 480.0 480.00001430511475 480.0 360.0
91 PINHOLE 960 720 480.0 480.00001430511475 480.0 360.0
92 PINHOLE 960 720 480.0 480.00001430511475 480.0 360.0
93 PINHOLE 960 720 480.0 480.00001430511475 480.0 360.0
94 PINHOLE 960 720 480.0 480.00001430511475 480.0 360.0
95 PINHOLE 960 720 480.0 480.00001430511475 480.0 360.0
96 PINHOLE 960 720 480.0 480.00001430511475 480.0 360.0
97 PINHOLE 960 720 480.0 480.00001430511475 480.0 360.0
98 PINHOLE 960 720 480.0 480.00001430511475 480.0 360.0
99 PINHOLE 960 720 480.0 480.00001430511475 480.0 360.0
100 PINHOLE 960 720 480.0 480.00001430511475 480.0 360.0
101 PINHOLE 960 720 480.0 480.00001430511475 480.0 360.0
102 PINHOLE 960 720 480.0 480.00001430511475 480.0 360.0
103 PINHOLE 960 720 480.0 480.00001430511475 480.0 360.0
104 PINHOLE 960 720 480.0 480.00001430511475 480.0 360.0
105 PINHOLE 960 720 480.0 480.00001430511475 480.0 360.0
106 PINHOLE 960 720 480.0 480.00001430511475 480.0 360.0
107 PINHOLE 960 720 480.0 480.00001430511475 480.0 360.0
108 PINHOLE 960 720 480.0 480.00001430511475 480.0 360.0
109 PINHOLE 960 720 480.0 480.00001430511475 480.0 360.0
110 PINHOLE 960 720 480.0 480.00001430511475 480.0 360.0
111 PINHOLE 960 720 480.0 480.00001430511475 480.0 360.0
112 PINHOLE 960 720 480.0 480.00001430511475 480.0 360.0
113 PINHOLE 960 720 480.0 480.00001430511475 480.0 360.0
114 PINHOLE 960 720 480.0 480.00001430511475 480.0 360.0
115 PINHOLE 960 720 480.0 480.00001430511475 480.0 360.0
116 PINHOLE 960 720 480.0 480.00001430511475 480.0 360.0
117 PINHOLE 960 720 480.0 480.00001430511475 480.0 360.0
118 PINHOLE 960 720 480.0 480.00001430511475 480.0 360.0
119 PINHOLE 960 720 480.0 480.00001430511475 480.0 360.0
120 PINHOLE 960 720 480.0 480.00001430511475 480.0 360.0
121 PINHOLE 960 720 480.0 480.00001430511475 480.0 360.0
122 PINHOLE 960 720 480.0 480.00001430511475 480.0 360.0
123 PINHOLE 960 720 480.0 480.00001430511475 480.0 360.0
124 PINHOLE 960 720 480.0 480.00001430511475 480.0 360.0
125 PINHOLE 960 720 480.0 480.00001430511475 480.0 360.0
126 PINHOLE 960 720 480.0 480.00001430511475 480.0 360.0
127 PINHOLE 960 720 480.0 480.00001430511475 480.0 360.0
128 PINHOLE 960 720 480.0 480.00001430511475 480.0 360.0
