1 0.0 -0.02443217858672142 0.0 0.9997014999389648 5.178304672241211 0.8997461199760437 -4.36808967590332 1 observation_rgb_0.png

2 0.0 -0.04884977638721466 0.0 0.9988061785697937 5.178304672241211 0.8997461199760437 -4.36808967590332 2 observation_rgb_1.png

3 0.0 -0.07323820888996124 0.0 0.9973145127296448 5.178304672241211 0.8997461199760437 -4.36808967590332 3 observation_rgb_2.png

4 0.0 -0.09758291393518448 0.0 0.9952273964881897 5.178304672241211 0.8997461199760437 -4.36808967590332 4 observation_rgb_3.png

5 0.0 -0.12186935544013977 0.0 0.9925461411476135 5.178304672241211 0.8997461199760437 -4.36808967590332 5 observation_rgb_4.png

6 0.0 -0.1460830569267273 0.0 0.9892723560333252 5.178304672241211 0.8997461199760437 -4.36808967590332 6 observation_rgb_5.png

7 0.0 -0.17020952701568604 0.0 0.9854079484939575 5.178304672241211 0.8997461199760437 -4.36808967590332 7 observation_rgb_6.png

8 0.0 -0.19423437118530273 0.0 0.980955183506012 5.178304672241211 0.8997461199760437 -4.36808967590332 8 observation_rgb_7.png

9 0.0 -0.2181432694196701 0.0 0.9759168028831482 5.178304672241211 0.8997461199760437 -4.36808967590332 9 observation_rgb_8.png

10 0.0 -0.24192193150520325 0.0 0.970295786857605 5.178304672241211 0.8997461199760437 -4.36808967590332 10 observation_rgb_9.png

11 0.0 -0.2655561566352844 0.0 0.9640954732894897 5.178304672241211 0.8997461199760437 -4.36808967590332 11 observation_rgb_10.png

12 0.0 -0.28903183341026306 0.0 0.9573195576667786 5.178304672241211 0.8997461199760437 -4.36808967590332 12 observation_rgb_11.png

13 0.0 -0.31233492493629456 0.0 0.9499720335006714 5.178304672241211 0.8997461199760437 -4.36808967590332 13 observation_rgb_12.png

14 0.0 -0.335451602935791 0.0 0.9420574903488159 5.178304672241211 0.8997461199760437 -4.36808967590332 14 observation_rgb_13.png

15 0.0 -0.3583679795265198 0.0 0.9335804581642151 5.178304672241211 0.8997461199760437 -4.36808967590332 15 observation_rgb_14.png

16 0.0 -0.3810703754425049 0.0 0.9245460033416748 5.178304672241211 0.8997461199760437 -4.36808967590332 16 observation_rgb_15.png

17 0.0 -0.4035452902317047 0.0 0.9149596691131592 5.178304672241211 0.8997461199760437 -4.36808967590332 17 observation_rgb_16.png

18 0.0 -0.4257792830467224 0.0 0.9048270583152771 5.178304672241211 0.8997461199760437 -4.36808967590332 18 observation_rgb_17.png

19 0.0 -0.44775906205177307 0.0 0.8941542506217957 5.178304672241211 0.8997461199760437 -4.36808967590332 19 observation_rgb_18.png

20 0.0 -0.4694715440273285 0.0 0.8829476237297058 5.178304672241211 0.8997461199760437 -4.36808967590332 20 observation_rgb_19.png

21 0.0 -0.49090373516082764 0.0 0.8712138533592224 5.178304672241211 0.8997461199760437 -4.36808967590332 21 observation_rgb_20.png

22 0.0 -0.5120428800582886 0.0 0.858959972858429 5.178304672241211 0.8997461199760437 -4.36808967590332 22 observation_rgb_21.png

23 0.0 -0.5328763127326965 0.0 0.846193253993988 5.178304672241211 0.8997461199760437 -4.36808967590332 23 observation_rgb_22.png

24 0.0 -0.5533915162086487 0.0 0.8329212069511414 5.178304672241211 0.8997461199760437 -4.36808967590332 24 observation_rgb_23.png

25 0.0 -0.5735764503479004 0.0 0.8191520571708679 5.178304672241211 0.8997461199760437 -4.36808967590332 25 observation_rgb_24.png

26 0.0 -0.5934189558029175 0.0 0.8048938512802124 5.178304672241211 0.8997461199760437 -4.36808967590332 26 observation_rgb_25.png

27 0.0 -0.6129071116447449 0.0 0.7901550531387329 5.178304672241211 0.8997461199760437 -4.36808967590332 27 observation_rgb_26.png

28 0.0 -0.6320293545722961 0.0 0.7749444246292114 5.178304672241211 0.8997461199760437 -4.36808967590332 28 observation_rgb_27.png

29 0.0 -0.6507743000984192 0.0 0.7592712640762329 5.178304672241211 0.8997461199760437 -4.36808967590332 29 observation_rgb_28.png

30 0.0 -0.6691306829452515 0.0 0.7431448101997375 5.178304672241211 0.8997461199760437 -4.36808967590332 30 observation_rgb_29.png

31 0.0 -0.6870875954627991 0.0 0.7265746593475342 5.178304672241211 0.8997461199760437 -4.36808967590332 31 observation_rgb_30.png

32 0.0 -0.7046343088150024 0.0 0.7095707058906555 5.178304672241211 0.8997461199760437 -4.36808967590332 32 observation_rgb_31.png

33 0.0 -0.7217603325843811 0.0 0.6921431422233582 5.178304672241211 0.8997461199760437 -4.36808967590332 33 observation_rgb_32.png

34 0.0 -0.7384554147720337 0.0 0.6743023991584778 5.178304672241211 0.8997461199760437 -4.36808967590332 34 observation_rgb_33.png

35 0.0 -0.7547096610069275 0.0 0.6560590267181396 5.178304672241211 0.8997461199760437 -4.36808967590332 35 observation_rgb_34.png

36 0.0 -0.7705132961273193 0.0 0.6374239921569824 5.178304672241211 0.8997461199760437 -4.36808967590332 36 observation_rgb_35.png

37 0.0 -0.7858568429946899 0.0 0.6184083819389343 5.178304672241211 0.8997461199760437 -4.36808967590332 37 observation_rgb_36.png

38 0.0 -0.800731360912323 0.0 0.5990236401557922 5.178304672241211 0.8997461199760437 -4.36808967590332 38 observation_rgb_37.png

39 0.0 -0.8151277899742126 0.0 0.579281210899353 5.178304672241211 0.8997461199760437 -4.36808967590332 39 observation_rgb_38.png

40 0.0 -0.829037606716156 0.0 0.559192955493927 5.178304672241211 0.8997461199760437 -4.36808967590332 40 observation_rgb_39.png

41 0.0 -0.8424524068832397 0.0 0.538770854473114 5.178304672241211 0.8997461199760437 -4.36808967590332 41 observation_rgb_40.png

42 0.0 -0.8553642630577087 0.0 0.5180270671844482 5.178304672241211 0.8997461199760437 -4.36808967590332 42 observation_rgb_41.png

43 0.0 -0.8677654266357422 0.0 0.49697405099868774 5.178304672241211 0.8997461199760437 -4.36808967590332 43 observation_rgb_42.png

44 0.0 -0.8796485662460327 0.0 0.47562429308891296 5.178304672241211 0.8997461199760437 -4.36808967590332 44 observation_rgb_43.png

45 0.0 -0.8910065293312073 0.0 0.4539905786514282 5.178304672241211 0.8997461199760437 -4.36808967590332 45 observation_rgb_44.png

46 0.0 -0.9018325805664062 0.0 0.4320858418941498 5.178304672241211 0.8997461199760437 -4.36808967590332 46 observation_rgb_45.png

47 0.0 -0.9121201038360596 0.0 0.40992307662963867 5.178304672241211 0.8997461199760437 -4.36808967590332 47 observation_rgb_46.png

48 0.0 -0.9218631386756897 0.0 0.3875156342983246 5.178304672241211 0.8997461199760437 -4.36808967590332 48 observation_rgb_47.png

49 0.0 -0.9310557842254639 0.0 0.3648768365383148 5.178304672241211 0.8997461199760437 -4.36808967590332 49 observation_rgb_48.png

50 0.0 -0.9396926164627075 0.0 0.3420202136039734 5.178304672241211 0.8997461199760437 -4.36808967590332 50 observation_rgb_49.png

51 0.0 -0.9477683901786804 0.0 0.31895938515663147 5.178304672241211 0.8997461199760437 -4.36808967590332 51 observation_rgb_50.png

52 0.0 -0.9552783966064453 0.0 0.2957081198692322 5.178304672241211 0.8997461199760437 -4.36808967590332 52 observation_rgb_51.png

53 0.0 -0.9622180461883545 0.0 0.2722803056240082 5.178304672241211 0.8997461199760437 -4.36808967590332 53 observation_rgb_52.png

54 0.0 -0.9685832262039185 0.0 0.2486899495124817 5.178304672241211 0.8997461199760437 -4.36808967590332 54 observation_rgb_53.png

55 0.0 -0.9743701219558716 0.0 0.2249511182308197 5.178304672241211 0.8997461199760437 -4.36808967590332 55 observation_rgb_54.png

56 0.0 -0.9795752763748169 0.0 0.20107798278331757 5.178304672241211 0.8997461199760437 -4.36808967590332 56 observation_rgb_55.png

57 0.0 -0.9841956496238708 0.0 0.1770848035812378 5.178304672241211 0.8997461199760437 -4.36808967590332 57 observation_rgb_56.png

58 0.0 -0.988228440284729 0.0 0.15298590064048767 5.178304672241211 0.8997461199760437 -4.36808967590332 58 observation_rgb_57.png

59 0.0 -0.9916711449623108 0.0 0.12879563868045807 5.178304672241211 0.8997461199760437 -4.36808967590332 59 observation_rgb_58.png

60 0.0 -0.9945219159126282 0.0 0.10452850908041 5.178304672241211 0.8997461199760437 -4.36808967590332 60 observation_rgb_59.png

61 0.0 -0.9967789053916931 0.0 0.0801989734172821 5.178304672241211 0.8997461199760437 -4.36808967590332 61 observation_rgb_60.png

62 0.0 -0.9984408020973206 0.0 0.055821552872657776 5.178304672241211 0.8997461199760437 -4.36808967590332 62 observation_rgb_61.png

63 0.0 -0.9995065927505493 0.0 0.03141080588102341 5.178304672241211 0.8997461199760437 -4.36808967590332 63 observation_rgb_62.png

64 0.0 -0.9999756217002869 0.0 0.006981305778026581 5.178304672241211 0.8997461199760437 -4.36808967590332 64 observation_rgb_63.png

65 0.0 -0.9998477101325989 0.0 -0.017452361062169075 5.178304672241211 0.8997461199760437 -4.36808967590332 65 observation_rgb_64.png

66 0.0 -0.9991228580474854 0.0 -0.04187560826539993 5.178304672241211 0.8997461199760437 -4.36808967590332 66 observation_rgb_65.png

67 0.0 -0.9978014826774597 0.0 -0.06627386063337326 5.178304672241211 0.8997461199760437 -4.36808967590332 67 observation_rgb_66.png

68 0.0 -0.9958844184875488 0.0 -0.09063254296779633 5.178304672241211 0.8997461199760437 -4.36808967590332 68 observation_rgb_67.png

69 0.0 -0.9933727979660034 0.0 -0.11493711173534393 5.178304672241211 0.8997461199760437 -4.36808967590332 69 observation_rgb_68.png

70 0.0 -0.9902681112289429 0.0 -0.13917306065559387 5.178304672241211 0.8997461199760437 -4.36808967590332 70 observation_rgb_69.png

71 0.0 -0.9865722060203552 0.0 -0.16332592070102692 5.178304672241211 0.8997461199760437 -4.36808967590332 71 observation_rgb_70.png

72 0.0 -0.9822872877120972 0.0 -0.18738126754760742 5.178304672241211 0.8997461199760437 -4.36808967590332 72 observation_rgb_71.png

73 0.0 -0.9774159789085388 0.0 -0.2113247513771057 5.178304672241211 0.8997461199760437 -4.36808967590332 73 observation_rgb_72.png

74 0.0 -0.9719610810279846 0.0 -0.2351420819759369 5.178304672241211 0.8997461199760437 -4.36808967590332 74 observation_rgb_73.png

75 0.0 -0.9659258723258972 0.0 -0.25881901383399963 5.178304672241211 0.8997461199760437 -4.36808967590332 75 observation_rgb_74.png

76 0.0 -0.9593140482902527 0.0 -0.28234145045280457 5.178304672241211 0.8997461199760437 -4.36808967590332 76 observation_rgb_75.png

77 0.0 -0.9521294832229614 0.0 -0.3056952953338623 5.178304672241211 0.8997461199760437 -4.36808967590332 77 observation_rgb_76.png

78 0.0 -0.9443764686584473 0.0 -0.3288666307926178 5.178304672241211 0.8997461199760437 -4.36808967590332 78 observation_rgb_77.png

79 0.0 -0.9360595345497131 0.0 -0.35184159874916077 5.178304672241211 0.8997461199760437 -4.36808967590332 79 observation_rgb_78.png

80 0.0 -0.9271838665008545 0.0 -0.37460654973983765 5.178304672241211 0.8997461199760437 -4.36808967590332 80 observation_rgb_79.png

81 0.0 -0.9177546501159668 0.0 -0.39714786410331726 5.178304672241211 0.8997461199760437 -4.36808967590332 81 observation_rgb_80.png

82 0.0 -0.9077775478363037 0.0 -0.41945207118988037 5.178304672241211 0.8997461199760437 -4.36808967590332 82 observation_rgb_81.png

83 0.0 -0.897258460521698 0.0 -0.4415058493614197 5.178304672241211 0.8997461199760437 -4.36808967590332 83 observation_rgb_82.png

84 0.0 -0.8862035870552063 0.0 -0.46329599618911743 5.178304672241211 0.8997461199760437 -4.36808967590332 84 observation_rgb_83.png

85 0.0 -0.874619722366333 0.0 -0.48480960726737976 5.178304672241211 0.8997461199760437 -4.36808967590332 85 observation_rgb_84.png

86 0.0 -0.8625137209892273 0.0 -0.5060337781906128 5.178304672241211 0.8997461199760437 -4.36808967590332 86 observation_rgb_85.png

87 0.0 -0.8498926758766174 0.0 -0.526955783367157 5.178304672241211 0.8997461199760437 -4.36808967590332 87 observation_rgb_86.png

88 0.0 -0.8367643356323242 0.0 -0.5475631952285767 5.178304672241211 0.8997461199760437 -4.36808967590332 88 observation_rgb_87.png

89 0.0 -0.8231363892555237 0.0 -0.5678437352180481 5.178304672241211 0.8997461199760437 -4.36808967590332 89 observation_rgb_88.png

90 0.0 -0.8090170621871948 0.0 -0.5877852439880371 5.178304672241211 0.8997461199760437 -4.36808967590332 90 observation_rgb_89.png

91 0.0 -0.7944146990776062 0.0 -0.6073758006095886 5.178304672241211 0.8997461199760437 -4.36808967590332 91 observation_rgb_90.png

92 0.0 -0.7793380618095398 0.0 -0.6266037821769714 5.178304672241211 0.8997461199760437 -4.36808967590332 92 observation_rgb_91.png

93 0.0 -0.7637960314750671 0.0 -0.6454576253890991 5.178304672241211 0.8997461199760437 -4.36808967590332 93 observation_rgb_92.png

94 0.0 -0.7477981448173523 0.0 -0.6639262437820435 5.178304672241211 0.8997461199760437 -4.36808967590332 94 observation_rgb_93.png

95 0.0 -0.731353759765625 0.0 -0.6819983720779419 5.178304672241211 0.8997461199760437 -4.36808967590332 95 observation_rgb_94.png

96 0.0 -0.7144727110862732 0.0 -0.6996634006500244 5.178304672241211 0.8997461199760437 -4.36808967590332 96 observation_rgb_95.png

97 0.0 -0.6971651315689087 0.0 -0.7169106602668762 5.178304672241211 0.8997461199760437 -4.36808967590332 97 observation_rgb_96.png

98 0.0 -0.6794412732124329 0.0 -0.733729898929596 5.178304672241211 0.8997461199760437 -4.36808967590332 98 observation_rgb_97.png

99 0.0 -0.6613118052482605 0.0 -0.7501111030578613 5.178304672241211 0.8997461199760437 -4.36808967590332 99 observation_rgb_98.png

100 0.0 -0.6427876353263855 0.0 -0.7660444974899292 5.178304672241211 0.8997461199760437 -4.36808967590332 100 observation_rgb_99.png

101 0.0 -0.623879611492157 0.0 -0.7815205454826355 5.178304672241211 0.8997461199760437 -4.36808967590332 101 observation_rgb_100.png

102 0.0 -0.604599118232727 0.0 -0.7965298891067505 5.178304672241211 0.8997461199760437 -4.36808967590332 102 observation_rgb_101.png

103 0.0 -0.5849576592445374 0.0 -0.811063826084137 5.178304672241211 0.8997461199760437 -4.36808967590332 103 observation_rgb_102.png

104 0.0 -0.5649670362472534 0.0 -0.8251134753227234 5.178304672241211 0.8997461199760437 -4.36808967590332 104 observation_rgb_103.png

105 0.0 -0.5446391105651855 0.0 -0.838670551776886 5.178304672241211 0.8997461199760437 -4.36808967590332 105 observation_rgb_104.png

106 0.0 -0.5239859819412231 0.0 -0.8517269492149353 5.178304672241211 0.8997461199760437 -4.36808967590332 106 observation_rgb_105.png

107 0.0 -0.5030199885368347 0.0 -0.8642747402191162 5.178304672241211 0.8997461199760437 -4.36808967590332 107 observation_rgb_106.png

108 0.0 -0.48175373673439026 0.0 -0.8763066530227661 5.178304672241211 0.8997461199760437 -4.36808967590332 108 observation_rgb_107.png

109 0.0 -0.46019986271858215 0.0 -0.8878153562545776 5.178304672241211 0.8997461199760437 -4.36808967590332 109 observation_rgb_108.png

110 0.0 -0.4383712410926819 0.0 -0.8987940549850464 5.178304672241211 0.8997461199760437 -4.36808967590332 110 observation_rgb_109.png

111 0.0 -0.4162808954715729 0.0 -0.9092361330986023 5.178304672241211 0.8997461199760437 -4.36808967590332 111 observation_rgb_110.png

112 0.0 -0.3939419686794281 0.0 -0.9191352725028992 5.178304672241211 0.8997461199760437 -4.36808967590332 112 observation_rgb_111.png

113 0.0 -0.3713679313659668 0.0 -0.9284858107566833 5.178304672241211 0.8997461199760437 -4.36808967590332 113 observation_rgb_112.png

114 0.0 -0.34857213497161865 0.0 -0.9372819662094116 5.178304672241211 0.8997461199760437 -4.36808967590332 114 observation_rgb_113.png

115 0.0 -0.3255682587623596 0.0 -0.9455185532569885 5.178304672241211 0.8997461199760437 -4.36808967590332 115 observation_rgb_114.png

116 0.0 -0.30236998200416565 0.0 -0.9531906843185425 5.178304672241211 0.8997461199760437 -4.36808967590332 116 observation_rgb_115.png

117 0.0 -0.2789911925792694 0.0 -0.960293710231781 5.178304672241211 0.8997461199760437 -4.36808967590332 117 observation_rgb_116.png

118 0.0 -0.2554458677768707 0.0 -0.9668234586715698 5.178304672241211 0.8997461199760437 -4.36808967590332 118 observation_rgb_117.png

119 0.0 -0.23174799978733063 0.0 -0.972775936126709 5.178304672241211 0.8997461199760437 -4.36808967590332 119 observation_rgb_118.png

120 0.0 -0.20791178941726685 0.0 -0.9781476259231567 5.178304672241211 0.8997461199760437 -4.36808967590332 120 observation_rgb_119.png

121 0.0 -0.1839514523744583 0.0 -0.98293536901474 5.178304672241211 0.8997461199760437 -4.36808967590332 121 observation_rgb_120.png

122 0.0 -0.15988129377365112 0.0 -0.9871362447738647 5.178304672241211 0.8997461199760437 -4.36808967590332 122 observation_rgb_121.png

123 0.0 -0.13571569323539734 0.0 -0.99074786901474 5.178304672241211 0.8997461199760437 -4.36808967590332 123 observation_rgb_122.png

124 0.0 -0.11146904528141022 0.0 -0.9937679171562195 5.178304672241211 0.8997461199760437 -4.36808967590332 124 observation_rgb_123.png

125 0.0 -0.08715585619211197 0.0 -0.9961947202682495 5.178304672241211 0.8997461199760437 -4.36808967590332 125 observation_rgb_124.png

126 0.0 -0.0627906322479248 0.0 -0.9980267882347107 5.178304672241211 0.8997461199760437 -4.36808967590332 126 observation_rgb_125.png

127 0.0 -0.03838791698217392 0.0 -0.9992629885673523 5.178304672241211 0.8997461199760437 -4.36808967590332 127 observation_rgb_126.png

128 0.0 -0.013962285593152046 0.0 -0.999902606010437 5.178304672241211 0.8997461199760437 -4.36808967590332 128 observation_rgb_127.png

